0 1 1
0 17 1
0 16 1
0 2 1
0 3 1
0 4 1
4 5 1
0 5 1
0 10 1
0 27 1
5 7 1
5 6 1
6 7 1
7 8 1
8 9 1
9 10 1
3 4 1
7 14 1
7 13 1
7 11 1
2 3 1
2 14 1
2 13 1
3 14 1
13 14 1
7 9 1
1 2 1
2 16 1
13 15 1
2 15 1
15 16 1
16 17 1
9 11 1
11 13 1
11 12 1
12 13 1
6 8 1
10 11 1
1 17 1
1 19 1
18 19 1
1 18 1
17 18 1
12 20 1
15 20 1
17 20 1
18 20 1
10 28 1
28 27 1
10 25 1
27 26 1
26 25 1
11 25 1
11 24 1
12 23 1
20 23 1
20 21 1
18 22 1
22 21 1
21 23 1
23 24 1
24 25 1
25 29 1
29 30 1
28 30 1
22 37 1
37 38 1
21 36 1
36 38 1
23 35 1
35 38 1
23 34 1
34 39 1
24 33 1
33 39 1
25 32 1
32 40 1
25 31 1
31 41 1
30 41 1
41 40 1
40 39 1
39 38 1
30 42 1
41 43 1
40 44 1
39 44 1
39 45 1
39 46 1
38 46 1
42 43 1
43 44 1
44 45 1
45 46 1
44 49 1
45 49 1
45 48 1
46 48 1
46 47 2
47 48 1
48 49 1
49 43 1
47 53 1
48 53 1
49 53 1
49 50 1
43 50 1
50 42 1
42 52 1
42 51 1
52 51 1
51 50 1
50 53 1
47 54 1
48 54 1
49 54 1
50 54 1
51 54 1
52 54 1