2 4 1
2 5 1
9 11 1
12 13 1
12 14 1
13 14 1
19 20 1
24 25 1
2 32 1
31 34 1
35 36 1
2 38 1
39 40 1
8 41 1
2 47 1
4 47 1
51 52 1
44 53 1
10 54 1
18 55 1
54 55 1
18 56 1
54 56 1
55 56 1
54 57 1
33 60 1
10 64 1
2 65 1
10 67 1
10 68 1
67 68 1
37 69 1
6 71 1
15 71 1
49 72 1
54 72 1
57 72 1
70 72 1
52 74 1
54 75 1
43 77 1
10 78 1
10 79 1
26 79 1
78 79 1
36 85 1
39 85 1
40 85 1
73 85 1
85 86 1
2 87 1
65 87 1
17 88 1
1 90 1
52 91 1
74 91 1
49 92 1
6 93 1
15 93 1
71 93 1
36 97 1
96 97 1
27 101 1
99 101 1
103 104 1
105 106 1
49 107 1
72 107 1
44 108 1
6 109 1
52 109 1
71 109 1
74 109 1
91 109 1
93 109 1
49 111 1
113 114 1
35 116 1
36 116 1
54 122 1
57 122 1
72 122 1
115 123 1
122 123 1
10 124 1
64 124 1
119 125 1
112 126 1
127 128 1
10 132 1
76 134 1
94 138 1
117 139 1
107 140 1
82 141 1
119 141 1
125 141 1
10 142 1
78 142 1
79 142 1
123 143 1
24 144 1
25 144 1
54 145 1
130 145 1
130 146 1
145 146 1
85 147 1
10 148 1
78 148 1
79 148 1
142 148 1
58 150 1
60 151 1
10 152 1
78 152 1
79 152 1
142 152 1
148 152 1
101 155 1
54 156 1
143 158 1
145 159 1
89 160 1
24 161 1
25 161 1
144 161 1
15 162 1
71 162 1
93 162 1
103 164 1
104 164 1
36 167 1
85 167 1
149 167 1
15 168 1
71 168 1
93 168 1
162 168 1
2 169 1
38 169 1
73 172 1
85 172 1
26 173 1
79 173 1
29 177 1
29 178 1
177 178 1
36 181 1
85 181 1
167 181 1
83 183 1
136 183 1
171 183 1
54 186 1
75 186 1
96 188 1
97 188 1
2 190 1
157 191 1
3 193 1
157 193 1
191 193 1
193 195 1
194 195 1
94 198 1
138 198 1
197 198 1
62 199 1
45 200 1
2 202 1
10 203 1
78 203 1
79 203 1
142 203 1
148 203 1
152 203 1
10 204 1
78 204 1
79 204 1
142 204 1
148 204 1
152 204 1
203 204 1
209 210 1
60 211 1
151 211 1
52 212 1
52 213 1
212 213 1
43 216 1
77 216 1
81 217 1
199 217 1
110 218 1
39 219 1
40 219 1
85 219 1
96 219 1
97 219 1
188 219 1
59 221 1
149 222 1
167 222 1
127 224 1
128 224 1
15 225 1
71 225 1
93 225 1
162 225 1
168 225 1
198 227 1
81 228 1
217 228 1
101 229 1
155 229 1
60 234 1
193 236 1
199 236 1
85 240 1
86 240 1
158 240 1
129 241 1
17 242 1
17 244 1
88 244 1
58 245 1
150 245 1
17 246 1
208 246 1
242 246 1
52 247 1
74 247 1
91 247 1
109 247 1
103 248 1
31 250 1
34 250 1
10 251 1
174 252 1
54 253 1
145 253 1
10 254 1
64 254 1
124 254 1
2 255 1
4 255 1
47 255 1
2 256 1
4 256 1
47 256 1
255 256 1
10 258 1
64 258 1
124 258 1
254 258 1
17 259 1
42 259 1
88 259 1
244 259 1
257 259 1
172 262 1
182 262 1
110 263 1
54 265 1
264 265 1
264 266 1
265 266 1
8 267 1
41 267 1
42 267 1
259 267 1
2 268 1
180 269 1
18 270 1
55 270 1
56 270 1
54 271 1
55 271 1
56 271 1
265 271 1
2 272 1
43 272 1
77 272 1
216 272 1
226 272 1
2 273 1
190 273 1
226 273 1
15 274 1
71 274 1
93 274 1
162 274 1
168 274 1
225 274 1
110 275 1
2 277 1
101 279 1
155 279 1
229 279 1
105 281 1
106 281 1
276 282 1
36 284 1
205 285 1
45 286 1
2 287 1
249 288 1
215 290 1
35 291 1
36 291 1
116 291 1
196 292 1
36 293 1
172 294 1
262 294 1
79 295 1
10 296 1
78 296 1
79 296 1
142 296 1
148 296 1
152 296 1
184 296 1
203 296 1
204 296 1
10 297 1
78 297 1
79 297 1
142 297 1
148 297 1
152 297 1
203 297 1
204 297 1
296 297 1
60 298 1
163 299 1
238 299 1
12 300 1
89 300 1
160 300 1
1 301 1
12 301 1
17 301 1
88 301 1
238 301 1
244 301 1
259 301 1
299 301 1
300 301 1
36 302 1
291 302 1
2 303 1
190 303 1
273 303 1
101 304 1
155 304 1
229 304 1
279 304 1
101 305 1
155 305 1
229 305 1
279 305 1
304 305 1
10 308 1
58 308 1
78 308 1
79 308 1
142 308 1
148 308 1
150 308 1
152 308 1
203 308 1
204 308 1
215 308 1
245 308 1
290 308 1
296 308 1
297 308 1
230 309 1
261 310 1
52 311 1
74 311 1
91 311 1
109 311 1
247 311 1
21 312 1
36 313 1
200 314 1
102 318 1
2 319 1
44 319 1
53 319 1
102 319 1
108 319 1
117 319 1
129 319 1
139 319 1
190 319 1
241 319 1
272 319 1
273 319 1
303 319 1
318 319 1
193 320 1
199 321 1
2 322 1
4 322 1
47 322 1
255 322 1
256 322 1
2 323 1
5 323 1
190 323 1
273 323 1
303 323 1
319 323 1
60 324 1
141 324 1
235 324 1
30 325 1
54 325 1
15 326 1
71 326 1
93 326 1
162 326 1
168 326 1
225 326 1
274 326 1
10 327 1
64 327 1
124 327 1
254 327 1
258 327 1
174 328 1
252 328 1
49 329 1
135 330 1
135 331 1
330 331 1
10 334 1
251 334 1
199 335 1
236 335 1
29 336 1
177 336 1
178 336 1
49 337 1
111 337 1
193 338 1
236 338 1
46 341 1
95 341 1
192 341 1
196 341 1
276 341 1
282 341 1
292 341 1
298 341 1
101 342 1
155 342 1
229 342 1
279 342 1
304 342 1
305 342 1
156 343 1
110 345 1
275 345 1
129 347 1
241 347 1
319 347 1
199 348 1
348 349 1
50 352 1
54 352 1
57 352 1
72 352 1
118 352 1
122 352 1
94 353 1
118 353 1
138 353 1
198 353 1
249 353 1
288 353 1
352 353 1
81 354 1
217 354 1
228 354 1
149 355 1
167 355 1
222 355 1
17 356 1
88 356 1
244 356 1
259 356 1
301 356 1
2 357 1
4 357 1
47 357 1
255 357 1
256 357 1
322 357 1
19 360 1
20 360 1
23 360 1
37 360 1
69 360 1
105 360 1
106 360 1
119 360 1
125 360 1
141 360 1
281 360 1
358 360 1
359 360 1
23 361 1
105 361 1
106 361 1
281 361 1
360 361 1
63 362 1
119 362 1
125 362 1
141 362 1
233 362 1
360 362 1
19 363 1
20 363 1
360 363 1
94 364 1
138 364 1
198 364 1
353 364 1
52 365 1
74 365 1
91 365 1
109 365 1
247 365 1
311 365 1
199 366 1
315 366 1
54 368 1
55 368 1
271 368 1
52 369 1
74 369 1
91 369 1
109 369 1
136 369 1
183 369 1
247 369 1
311 369 1
326 369 1
365 369 1
237 370 1
260 370 1
289 370 1
333 370 1
360 371 1
200 372 1
314 372 1
30 373 1
325 373 1
44 374 1
53 374 1
117 374 1
139 374 1
319 374 1
16 375 1
377 378 1
377 379 1
378 379 1
17 380 1
45 380 1
200 380 1
242 380 1
246 380 1
15 381 1
28 381 1
51 381 1
52 381 1
54 381 1
57 381 1
71 381 1
72 381 1
74 381 1
91 381 1
93 381 1
109 381 1
122 381 1
136 381 1
154 381 1
162 381 1
168 381 1
183 381 1
225 381 1
232 381 1
247 381 1
274 381 1
311 381 1
326 381 1
352 381 1
365 381 1
369 381 1
348 382 1
206 383 1
182 387 1
262 387 1
10 388 1
251 388 1
334 388 1
44 389 1
108 389 1
319 389 1
10 391 1
78 391 1
79 391 1
142 391 1
148 391 1
152 391 1
203 391 1
204 391 1
296 391 1
297 391 1
308 391 1
101 392 1
155 392 1
229 392 1
279 392 1
304 392 1
305 392 1
342 392 1
358 393 1
359 393 1
360 393 1
49 394 1
329 394 1
2 395 1
190 395 1
193 395 1
236 395 1
273 395 1
303 395 1
319 395 1
323 395 1
338 395 1
381 395 1
110 396 1
275 396 1
345 396 1
114 397 1
384 397 1
43 399 1
77 399 1
216 399 1
272 399 1
43 400 1
77 400 1
216 400 1
272 400 1
399 400 1
43 401 1
77 401 1
216 401 1
272 401 1
399 401 1
400 401 1
51 402 1
52 402 1
381 402 1
163 403 1
299 403 1
2 404 1
52 404 1
74 404 1
91 404 1
109 404 1
247 404 1
311 404 1
365 404 1
369 404 1
381 404 1
60 406 1
234 406 1
60 407 1
298 407 1
340 409 1
408 409 1
408 410 1
409 410 1
36 411 1
291 411 1
302 411 1
110 412 1
275 412 1
345 412 1
396 412 1
42 414 1
259 414 1
267 414 1
366 415 1
333 416 1
370 416 1
174 417 1
252 417 1
328 417 1
22 418 1
165 418 1
220 418 1
7 419 1
59 420 1
221 420 1
192 421 1
341 421 1
16 422 1
172 422 1
375 422 1
2 423 1
38 423 1
169 423 1
119 424 1
125 424 1
141 424 1
360 424 1
362 424 1
94 425 1
138 425 1
198 425 1
353 425 1
364 425 1
60 426 1
137 426 1
298 426 1
339 426 1
407 426 1
2 427 1
190 427 1
273 427 1
303 427 1
319 427 1
323 427 1
395 427 1
358 428 1
360 428 1
361 428 1
393 428 1
94 429 1
138 429 1
198 429 1
353 429 1
364 429 1
425 429 1
166 430 1
101 431 1
155 431 1
229 431 1
279 431 1
304 431 1
305 431 1
342 431 1
392 431 1
8 432 1
41 432 1
267 432 1
192 433 1
333 433 1
341 433 1
370 433 1
416 433 1
421 433 1
386 434 1
260 435 1
370 435 1
94 436 1
138 436 1
198 436 1
353 436 1
364 436 1
425 436 1
429 436 1
7 438 1
419 438 1
94 439 1
138 439 1
198 439 1
353 439 1
364 439 1
425 439 1
429 439 1
436 439 1
426 440 1
120 441 1
381 442 1
395 442 1
426 443 1
426 444 1
443 444 1
18 445 1
55 445 1
56 445 1
270 445 1
2 446 1
59 447 1
221 447 1
420 447 1
6 448 1
15 448 1
52 448 1
71 448 1
74 448 1
91 448 1
93 448 1
109 448 1
133 448 1
162 448 1
168 448 1
199 448 1
225 448 1
247 448 1
274 448 1
311 448 1
326 448 1
365 448 1
369 448 1
381 448 1
404 448 1
2 449 1
190 449 1
273 449 1
303 449 1
319 449 1
323 449 1
395 449 1
427 449 1
2 450 1
5 450 1
323 450 1
451 453 1
452 453 1
278 454 1
60 455 1
324 455 1
60 456 1
151 456 1
211 456 1
301 457 1
325 458 1
308 459 1
424 460 1
49 461 1
72 461 1
107 461 1
140 461 1
17 462 1
88 462 1
237 462 1
244 462 1
259 462 1
301 462 1
331 462 1
356 462 1
370 462 1
72 463 1
214 463 1
386 464 1
434 464 1
52 465 1
212 465 1
213 465 1
308 466 1
459 466 1
10 467 1
64 467 1
124 467 1
254 467 1
258 467 1
327 467 1
96 469 1
97 469 1
188 469 1
219 469 1
36 470 1
85 470 1
167 470 1
181 470 1
207 471 1
462 471 1
30 472 1
325 472 1
373 472 1
129 473 1
241 473 1
319 473 1
347 473 1
30 474 1
325 474 1
373 474 1
472 474 1
2 475 1
268 475 1
408 476 1
409 476 1
410 476 1
54 477 1
57 477 1
72 477 1
122 477 1
352 477 1
381 477 1
54 478 1
57 478 1
72 478 1
122 478 1
123 478 1
307 478 1
352 478 1
381 478 1
453 478 1
477 478 1
17 481 1
21 481 1
127 481 1
128 481 1
131 481 1
224 481 1
242 481 1
246 481 1
380 481 1
209 482 1
210 482 1
44 483 1
108 483 1
319 483 1
389 483 1
43 484 1
77 484 1
216 484 1
272 484 1
399 484 1
400 484 1
401 484 1
199 485 1
217 485 1
10 486 1
64 486 1
124 486 1
254 486 1
258 486 1
327 486 1
467 486 1
10 487 1
64 487 1
124 487 1
254 487 1
258 487 1
327 487 1
467 487 1
486 487 1
208 488 1
246 488 1
9 490 1
11 490 1
21 490 1
29 490 1
66 490 1
177 490 1
178 490 1
312 490 1
336 490 1
390 490 1
489 490 1
49 491 1
72 491 1
437 492 1
171 493 1
183 493 1
137 494 1
426 494 1
125 495 1
12 496 1
13 496 1
14 496 1
7 497 1
419 497 1
438 497 1
200 498 1
314 498 1
372 498 1
233 499 1
362 499 1
94 501 1
138 501 1
198 501 1
353 501 1
364 501 1
425 501 1
429 501 1
436 501 1
439 501 1
2 502 1
190 502 1
273 502 1
303 502 1
319 502 1
323 502 1
395 502 1
427 502 1
449 502 1
479 502 1
479 503 1
502 503 1
199 504 1
15 505 1
71 505 1
93 505 1
162 505 1
168 505 1
225 505 1
274 505 1
326 505 1
381 505 1
448 505 1
45 506 1
286 506 1
344 506 1
10 507 1
67 507 1
68 507 1
18 508 1
55 508 1
56 508 1
270 508 1
445 508 1
12 509 1
36 510 1
291 510 1
302 510 1
411 510 1
54 511 1
57 511 1
72 511 1
122 511 1
307 511 1
352 511 1
381 511 1
453 511 1
477 511 1
478 511 1
407 512 1
453 513 1
398 514 1
129 515 1
241 515 1
319 515 1
347 515 1
473 515 1
121 516 1
185 516 1
398 516 1
413 516 1
462 516 1
514 516 1
2 517 1
272 517 1
319 517 1
165 518 1
418 518 1
29 519 1
177 519 1
178 519 1
336 519 1
490 519 1
10 521 1
67 521 1
68 521 1
507 521 1
62 523 1
199 523 1
316 523 1
377 523 1
378 523 1
379 523 1
172 524 1
319 525 1
2 526 1
268 526 1
475 526 1
145 527 1
117 528 1
139 528 1
319 528 1
374 528 1
117 529 1
139 529 1
319 529 1
374 529 1
528 529 1
110 530 1
175 531 1
176 531 1
298 531 1
341 531 1
103 532 1
248 532 1
278 533 1
454 533 1
6 534 1
71 534 1
93 534 1
109 534 1
448 534 1
157 536 1
191 536 1
193 536 1
386 537 1
434 537 1
464 537 1
170 538 1
220 538 1
398 539 1
514 539 1
516 539 1
110 540 1
218 540 1
2 541 1
5 541 1
323 541 1
450 541 1
60 542 1
234 542 1
406 542 1
391 543 1
15 544 1
71 544 1
93 544 1
162 544 1
168 544 1
225 544 1
274 544 1
326 544 1
381 544 1
448 544 1
505 544 1
24 545 1
25 545 1
144 545 1
161 545 1
2 546 1
446 546 1
70 547 1
72 547 1
119 548 1
125 548 1
141 548 1
360 548 1
362 548 1
424 548 1
208 549 1
246 549 1
488 549 1
205 550 1
285 550 1
28 551 1
369 551 1
381 551 1
479 551 1
502 551 1
503 551 1
52 552 1
212 552 1
213 552 1
465 552 1
206 553 1
383 553 1
200 554 1
314 554 1
372 554 1
498 554 1
192 555 1
341 555 1
421 555 1
433 555 1
182 556 1
262 556 1
387 556 1
2 557 1
5 557 1
323 557 1
450 557 1
541 557 1
79 558 1
295 558 1
200 560 1
314 560 1
372 560 1
498 560 1
554 560 1
81 562 1
217 562 1
228 562 1
354 562 1
156 563 1
343 563 1
319 564 1
525 564 1
129 565 1
241 565 1
319 565 1
347 565 1
473 565 1
515 565 1
117 566 1
139 566 1
319 566 1
374 566 1
528 566 1
529 566 1
49 567 1
329 567 1
394 567 1
45 568 1
286 568 1
506 568 1
110 569 1
110 570 1
201 570 1
569 570 1
31 572 1
34 572 1
72 572 1
250 572 1
52 573 1
74 573 1
91 573 1
109 573 1
217 573 1
247 573 1
311 573 1
365 573 1
369 573 1
381 573 1
404 573 1
448 573 1
26 574 1
79 574 1
173 574 1
49 575 1
329 575 1
394 575 1
567 575 1
171 576 1
183 576 1
493 576 1
54 577 1
265 577 1
271 577 1
278 578 1
385 578 1
454 578 1
533 578 1
571 578 1
366 579 1
415 579 1
46 580 1
341 580 1
366 581 1
415 581 1
579 581 1
6 582 1
71 582 1
93 582 1
109 582 1
448 582 1
534 582 1
7 583 1
419 583 1
438 583 1
497 583 1
51 584 1
52 584 1
381 584 1
402 584 1
559 584 1
220 585 1
49 586 1
329 586 1
394 586 1
567 586 1
575 586 1
110 587 1
204 587 1
569 587 1
198 588 1
227 588 1
249 589 1
288 589 1
353 589 1
366 590 1
415 590 1
579 590 1
581 590 1
442 591 1
44 592 1
53 592 1
319 592 1
374 592 1
153 593 1
45 594 1
84 594 1
153 594 1
200 594 1
205 594 1
285 594 1
380 594 1
408 594 1
409 594 1
410 594 1
476 594 1
550 594 1
593 594 1
2 595 1
202 595 1
2 596 1
190 596 1
273 596 1
303 596 1
319 596 1
323 596 1
395 596 1
427 596 1
449 596 1
502 596 1
59 597 1
221 597 1
420 597 1
447 597 1
351 598 1
301 599 1
2 600 1
190 600 1
273 600 1
303 600 1
319 600 1
323 600 1
395 600 1
427 600 1
449 600 1
502 600 1
596 600 1
199 601 1
479 601 1
502 601 1
503 601 1
551 601 1
490 602 1
117 603 1
139 603 1
319 603 1
374 603 1
528 603 1
529 603 1
566 603 1
117 604 1
139 604 1
319 604 1
374 604 1
528 604 1
529 604 1
566 604 1
603 604 1
156 605 1
343 605 1
563 605 1
281 606 1
101 607 1
155 607 1
229 607 1
279 607 1
304 607 1
305 607 1
342 607 1
392 607 1
431 607 1
101 608 1
155 608 1
229 608 1
279 608 1
304 608 1
305 608 1
342 608 1
392 608 1
431 608 1
607 608 1
200 609 1
48 610 1
231 611 1
346 611 1
43 612 1
77 612 1
216 612 1
272 612 1
399 612 1
400 612 1
401 612 1
484 612 1
192 613 1
341 613 1
421 613 1
433 613 1
555 613 1
54 614 1
98 615 1
179 615 1
209 616 1
210 616 1
220 616 1
231 616 1
418 616 1
482 616 1
611 616 1
615 616 1
231 617 1
611 617 1
616 617 1
36 618 1
97 618 1
52 619 1
212 619 1
213 619 1
465 619 1
552 619 1
199 621 1
366 621 1
415 621 1
579 621 1
581 621 1
590 621 1
620 621 1
408 622 1
409 622 1
410 622 1
476 622 1
594 622 1
408 623 1
409 623 1
410 623 1
476 623 1
594 623 1
622 623 1
16 624 1
375 624 1
422 624 1
2 625 1
100 625 1
112 625 1
272 625 1
283 625 1
319 625 1
517 625 1
317 626 1
531 627 1
54 628 1
1 629 1
52 630 1
54 630 1
57 630 1
72 630 1
74 630 1
83 630 1
91 630 1
109 630 1
122 630 1
183 630 1
187 630 1
247 630 1
311 630 1
317 630 1
352 630 1
365 630 1
369 630 1
376 630 1
381 630 1
404 630 1
448 630 1
477 630 1
478 630 1
511 630 1
573 630 1
309 631 1
480 631 1
578 631 1
21 632 1
312 632 1
490 632 1
94 633 1
138 633 1
198 633 1
353 633 1
364 633 1
425 633 1
429 633 1
436 633 1
439 633 1
501 633 1
94 634 1
138 634 1
198 634 1
353 634 1
364 634 1
425 634 1
429 634 1
436 634 1
439 634 1
501 634 1
633 634 1
152 635 1
52 636 1
212 636 1
213 636 1
465 636 1
552 636 1
619 636 1
480 637 1
631 637 1
309 638 1
631 638 1
358 639 1
360 639 1
393 639 1
428 639 1
641 642 1
103 643 1
2 644 1
287 644 1
29 645 1
177 645 1
178 645 1
336 645 1
490 645 1
519 645 1
340 646 1
409 646 1
73 647 1
85 647 1
172 647 1
12 648 1
509 648 1
28 649 1
48 649 1
54 649 1
57 649 1
61 649 1
72 649 1
83 649 1
122 649 1
183 649 1
352 649 1
369 649 1
381 649 1
395 649 1
442 649 1
477 649 1
478 649 1
506 649 1
511 649 1
551 649 1
610 649 1
630 649 1
2 650 1
237 651 1
370 651 1
462 651 1
522 652 1
59 653 1
221 653 1
222 653 1
386 653 1
420 653 1
434 653 1
447 653 1
464 653 1
537 653 1
597 653 1
386 654 1
434 654 1
464 654 1
537 654 1
653 654 1
222 655 1
653 655 1
105 656 1
106 656 1
281 656 1
360 656 1
361 656 1
199 657 1
641 657 1
642 657 1
424 658 1
199 659 1
448 659 1
94 660 1
138 660 1
198 660 1
353 660 1
364 660 1
425 660 1
429 660 1
436 660 1
439 660 1
501 660 1
633 660 1
634 660 1
319 661 1
62 662 1
80 662 1
103 662 1
189 662 1
193 662 1
199 662 1
236 662 1
338 662 1
348 662 1
381 662 1
395 662 1
442 662 1
523 662 1
649 662 1
182 663 1
262 663 1
387 663 1
556 663 1
319 664 1
525 664 1
564 664 1
661 664 1
319 665 1
230 666 1
309 666 1
215 667 1
290 667 1
308 667 1
7 668 1
89 668 1
160 668 1
166 668 1
206 668 1
300 668 1
301 668 1
350 668 1
383 668 1
419 668 1
430 668 1
438 668 1
457 668 1
497 668 1
553 668 1
583 668 1
125 669 1
252 670 1
367 670 1
174 671 1
223 671 1
252 671 1
328 671 1
367 671 1
417 671 1
670 671 1
52 672 1
212 672 1
213 672 1
465 672 1
552 672 1
619 672 1
636 672 1
200 673 1
314 673 1
372 673 1
498 673 1
554 673 1
560 673 1
54 674 1
57 674 1
72 674 1
122 674 1
352 674 1
381 674 1
477 674 1
478 674 1
511 674 1
630 674 1
649 674 1
220 675 1
418 675 1
615 675 1
616 675 1
615 676 1
616 676 1
98 677 1
179 677 1
220 677 1
418 677 1
615 677 1
616 677 1
675 677 1
12 678 1
300 678 1
301 678 1
94 679 1
138 679 1
198 679 1
353 679 1
364 679 1
425 679 1
429 679 1
436 679 1
439 679 1
501 679 1
633 679 1
634 679 1
660 679 1
145 680 1
527 680 1
239 681 1
198 682 1
227 682 1
588 682 1
485 683 1
60 684 1
234 684 1
406 684 1
542 684 1
226 685 1
273 685 1
1 686 1
249 687 1
288 687 1
353 687 1
589 687 1
96 689 1
97 689 1
188 689 1
219 689 1
469 689 1
31 690 1
34 690 1
250 690 1
572 690 1
230 691 1
309 691 1
666 691 1
24 692 1
25 692 1
42 692 1
144 692 1
161 692 1
259 692 1
267 692 1
280 692 1
414 692 1
545 692 1
346 693 1
561 693 1
611 693 1
625 693 1
462 694 1
289 695 1
370 695 1
76 696 1
134 696 1
522 696 1
652 696 1
2 697 1
5 697 1
323 697 1
450 697 1
541 697 1
557 697 1
331 698 1
49 699 1
329 699 1
394 699 1
567 699 1
575 699 1
586 699 1
272 700 1
45 701 1
286 701 1
506 701 1
568 701 1
2 702 1
287 702 1
644 702 1
54 703 1
57 703 1
72 703 1
122 703 1
352 703 1
381 703 1
453 703 1
477 703 1
478 703 1
511 703 1
630 703 1
649 703 1
674 703 1
54 704 1
57 704 1
72 704 1
122 704 1
352 704 1
381 704 1
477 704 1
478 704 1
511 704 1
630 704 1
649 704 1
674 704 1
703 704 1
27 705 1
54 705 1
57 705 1
72 705 1
101 705 1
122 705 1
352 705 1
381 705 1
477 705 1
478 705 1
511 705 1
630 705 1
649 705 1
674 705 1
703 705 1
704 705 1
54 706 1
57 706 1
72 706 1
122 706 1
352 706 1
381 706 1
477 706 1
478 706 1
511 706 1
630 706 1
649 706 1
674 706 1
703 706 1
704 706 1
705 706 1
54 707 1
57 707 1
72 707 1
122 707 1
352 707 1
381 707 1
477 707 1
478 707 1
511 707 1
630 707 1
649 707 1
674 707 1
703 707 1
704 707 1
705 707 1
706 707 1
21 708 1
312 708 1
405 708 1
490 708 1
632 708 1
192 709 1
341 709 1
421 709 1
433 709 1
555 709 1
613 709 1
2 710 1
4 710 1
47 710 1
255 710 1
256 710 1
322 710 1
357 710 1
2 711 1
190 711 1
273 711 1
303 711 1
319 711 1
323 711 1
395 711 1
427 711 1
449 711 1
502 711 1
596 711 1
600 711 1
9 712 1
11 712 1
490 712 1
602 712 1
348 713 1
382 713 1
21 714 1
481 714 1
99 715 1
101 715 1
54 716 1
55 716 1
271 716 1
368 716 1
110 717 1
185 717 1
218 717 1
437 717 1
462 717 1
492 717 1
516 717 1
540 717 1
717 718 1
172 719 1
262 719 1
294 719 1
172 720 1
262 720 1
294 720 1
719 720 1
123 721 1
143 721 1
319 722 1
525 722 1
564 722 1
664 722 1
665 722 1
319 723 1
665 723 1
722 723 1
15 724 1
71 724 1
93 724 1
162 724 1
168 724 1
225 724 1
274 724 1
326 724 1
381 724 1
448 724 1
505 724 1
544 724 1
18 725 1
55 725 1
56 725 1
270 725 1
445 725 1
508 725 1
36 726 1
85 726 1
167 726 1
181 726 1
284 726 1
310 726 1
313 726 1
332 726 1
470 726 1
688 726 1
119 727 1
125 727 1
141 727 1
360 727 1
362 727 1
424 727 1
548 727 1
594 728 1
662 729 1
60 730 1
234 730 1
406 730 1
542 730 1
684 730 1
6 731 1
71 731 1
93 731 1
109 731 1
448 731 1
534 731 1
582 731 1
615 732 1
616 732 1
675 732 1
2 733 1
38 733 1
169 733 1
423 733 1
60 734 1
151 734 1
211 734 1
456 734 1
127 735 1
128 735 1
224 735 1
481 735 1
100 736 1
243 736 1
283 736 1
625 736 1
243 737 1
736 737 1
54 738 1
57 738 1
72 738 1
122 738 1
154 738 1
193 738 1
320 738 1
352 738 1
381 738 1
477 738 1
478 738 1
511 738 1
630 738 1
649 738 1
674 738 1
703 738 1
704 738 1
705 738 1
706 738 1
707 738 1
17 739 1
59 739 1
88 739 1
221 739 1
244 739 1
257 739 1
259 739 1
301 739 1
356 739 1
420 739 1
447 739 1
462 739 1
597 739 1
653 739 1
103 740 1
248 740 1
532 740 1
17 741 1
76 741 1
100 741 1
114 741 1
180 741 1
220 741 1
242 741 1
246 741 1
298 741 1
306 741 1
351 741 1
356 741 1
367 741 1
380 741 1
397 741 1
468 741 1
481 741 1
500 741 1
531 741 1
535 741 1
585 741 1
598 741 1
599 741 1
625 741 1
631 741 1
640 741 1
736 741 1
94 742 1
138 742 1
198 742 1
353 742 1
364 742 1
425 742 1
429 742 1
436 742 1
439 742 1
501 742 1
633 742 1
634 742 1
660 742 1
679 742 1
174 743 1
252 743 1
328 743 1
417 743 1
671 743 1
120 744 1
441 744 1
477 744 1
520 744 1
538 745 1
2 746 1
5 746 1
323 746 1
450 746 1
541 746 1
557 746 1
697 746 1
239 747 1
625 747 1
681 747 1
59 748 1
221 748 1
420 748 1
447 748 1
597 748 1
653 748 1
739 748 1
145 749 1
527 749 1
680 749 1
107 750 1
350 751 1
668 751 1
215 752 1
290 752 1
308 752 1
667 752 1
193 753 1
198 754 1
227 754 1
588 754 1
682 754 1
