1 2 1
1 3 1
1 4 1
1 5 1
1 6 1
1 7 1
1 8 1
1 9 1
1 10 1
1 11 1
1 12 1
1 13 1
1 14 1
1 15 1
1 16 1
1 17 1
1 18 1
1 19 1
1 20 1
2 3 1
2 4 1
2 5 1
2 6 1
2 7 1
2 8 1
2 9 1
2 10 1
2 11 1
2 12 1
2 13 1
2 14 1
2 15 1
2 16 1
2 17 1
2 18 1
2 19 1
2 20 1
3 4 1
3 5 1
3 6 1
3 7 1
3 8 1
3 9 1
3 10 1
3 11 1
3 12 1
3 13 1
3 14 1
3 15 1
3 16 1
3 17 1
3 18 1
3 19 1
3 20 1
4 5 1
4 6 1
4 7 1
4 8 1
4 9 1
4 10 1
4 11 1
4 12 1
4 13 1
4 14 1
4 15 1
4 16 1
4 17 1
4 18 1
4 19 1
4 20 1
5 6 1
5 7 1
5 8 1
5 9 1
5 10 1
5 11 1
5 12 1
5 13 1
5 14 1
5 15 1
5 16 1
5 17 1
5 18 1
5 19 1
5 20 1
5 81 1
6 7 1
6 8 1
6 9 1
6 10 1
6 11 1
6 12 1
6 13 1
6 14 1
6 15 1
6 16 1
6 17 1
6 18 1
6 19 1
6 20 1
7 8 1
7 9 1
7 10 1
7 11 1
7 12 1
7 13 1
7 14 1
7 15 1
7 16 1
7 17 1
7 18 1
7 19 1
7 20 1
8 9 1
8 10 1
8 11 1
8 12 1
8 13 1
8 14 1
8 15 1
8 16 1
8 17 1
8 18 1
8 19 1
8 20 1
9 10 1
9 11 1
9 12 1
9 13 1
9 14 1
9 15 1
9 16 1
9 17 1
9 18 1
9 19 1
9 20 1
9 81 1
10 11 1
10 12 1
10 13 1
10 14 1
10 15 1
10 16 1
10 17 1
10 18 1
10 19 1
10 20 1
11 12 1
11 13 1
11 14 1
11 15 1
11 16 1
11 17 1
11 18 1
11 19 1
11 20 1
12 13 1
12 14 1
12 15 1
12 16 1
12 17 1
12 18 1
12 19 1
12 20 1
13 14 1
13 15 1
13 16 1
13 17 1
13 18 1
13 19 1
13 20 1
14 15 1
14 16 1
14 17 1
14 18 1
14 19 1
14 20 1
15 16 1
15 17 1
15 18 1
15 19 1
15 20 1
15 81 1
16 17 1
16 18 1
16 19 1
16 20 1
16 81 1
17 18 1
17 19 1
17 20 1
18 19 1
18 20 1
19 20 1
21 22 1
21 23 1
21 24 1
21 25 1
21 26 1
21 27 1
21 28 1
21 29 1
21 30 1
21 31 1
21 32 1
21 33 1
21 34 1
21 35 1
21 36 1
21 37 1
21 38 1
21 39 1
21 40 1
22 23 1
22 24 1
22 25 1
22 26 1
22 27 1
22 28 1
22 29 1
22 30 1
22 31 1
22 32 1
22 33 1
22 34 1
22 35 1
22 36 1
22 37 1
22 38 1
22 39 1
22 40 1
22 81 1
23 24 1
23 25 1
23 26 1
23 27 1
23 28 1
23 29 1
23 30 1
23 31 1
23 32 1
23 33 1
23 34 1
23 35 1
23 36 1
23 37 1
23 38 1
23 39 1
23 40 1
24 25 1
24 26 1
24 27 1
24 28 1
24 29 1
24 30 1
24 31 1
24 32 1
24 33 1
24 34 1
24 35 1
24 36 1
24 37 1
24 38 1
24 39 1
24 40 1
24 81 1
25 26 1
25 27 1
25 28 1
25 29 1
25 30 1
25 31 1
25 32 1
25 33 1
25 34 1
25 35 1
25 36 1
25 37 1
25 38 1
25 39 1
25 40 1
26 27 1
26 28 1
26 29 1
26 30 1
26 31 1
26 32 1
26 33 1
26 34 1
26 35 1
26 36 1
26 37 1
26 38 1
26 39 1
26 40 1
27 28 1
27 29 1
27 30 1
27 31 1
27 32 1
27 33 1
27 34 1
27 35 1
27 36 1
27 37 1
27 38 1
27 39 1
27 40 1
28 29 1
28 30 1
28 31 1
28 32 1
28 33 1
28 34 1
28 35 1
28 36 1
28 37 1
28 38 1
28 39 1
28 40 1
29 30 1
29 31 1
29 32 1
29 33 1
29 34 1
29 35 1
29 36 1
29 37 1
29 38 1
29 39 1
29 40 1
29 81 1
30 31 1
30 32 1
30 33 1
30 34 1
30 35 1
30 36 1
30 37 1
30 38 1
30 39 1
30 40 1
31 32 1
31 33 1
31 34 1
31 35 1
31 36 1
31 37 1
31 38 1
31 39 1
31 40 1
32 33 1
32 34 1
32 35 1
32 36 1
32 37 1
32 38 1
32 39 1
32 40 1
33 34 1
33 35 1
33 36 1
33 37 1
33 38 1
33 39 1
33 40 1
34 35 1
34 36 1
34 37 1
34 38 1
34 39 1
34 40 1
35 36 1
35 37 1
35 38 1
35 39 1
35 40 1
36 37 1
36 38 1
36 39 1
36 40 1
36 81 1
37 38 1
37 39 1
37 40 1
38 39 1
38 40 1
39 40 1
41 42 1
41 43 1
41 44 1
41 45 1
41 46 1
41 47 1
41 48 1
41 49 1
41 50 1
41 51 1
41 52 1
41 53 1
41 54 1
41 55 1
41 56 1
41 57 1
41 58 1
41 59 1
41 60 1
42 43 1
42 44 1
42 45 1
42 46 1
42 47 1
42 48 1
42 49 1
42 50 1
42 51 1
42 52 1
42 53 1
42 54 1
42 55 1
42 56 1
42 57 1
42 58 1
42 59 1
42 60 1
42 83 1
43 44 1
43 45 1
43 46 1
43 47 1
43 48 1
43 49 1
43 50 1
43 51 1
43 52 1
43 53 1
43 54 1
43 55 1
43 56 1
43 57 1
43 58 1
43 59 1
43 60 1
44 45 1
44 46 1
44 47 1
44 48 1
44 49 1
44 50 1
44 51 1
44 52 1
44 53 1
44 54 1
44 55 1
44 56 1
44 57 1
44 58 1
44 59 1
44 60 1
45 46 1
45 47 1
45 48 1
45 49 1
45 50 1
45 51 1
45 52 1
45 53 1
45 54 1
45 55 1
45 56 1
45 57 1
45 58 1
45 59 1
45 60 1
46 47 1
46 48 1
46 49 1
46 50 1
46 51 1
46 52 1
46 53 1
46 54 1
46 55 1
46 56 1
46 57 1
46 58 1
46 59 1
46 60 1
47 48 1
47 49 1
47 50 1
47 51 1
47 52 1
47 53 1
47 54 1
47 55 1
47 56 1
47 57 1
47 58 1
47 59 1
47 60 1
48 49 1
48 50 1
48 51 1
48 52 1
48 53 1
48 54 1
48 55 1
48 56 1
48 57 1
48 58 1
48 59 1
48 60 1
49 50 1
49 51 1
49 52 1
49 53 1
49 54 1
49 55 1
49 56 1
49 57 1
49 58 1
49 59 1
49 60 1
50 51 1
50 52 1
50 53 1
50 54 1
50 55 1
50 56 1
50 57 1
50 58 1
50 59 1
50 60 1
51 52 1
51 53 1
51 54 1
51 55 1
51 56 1
51 57 1
51 58 1
51 59 1
51 60 1
52 53 1
52 54 1
52 55 1
52 56 1
52 57 1
52 58 1
52 59 1
52 60 1
53 54 1
53 55 1
53 56 1
53 57 1
53 58 1
53 59 1
53 60 1
54 55 1
54 56 1
54 57 1
54 58 1
54 59 1
54 60 1
55 56 1
55 57 1
55 58 1
55 59 1
55 60 1
56 57 1
56 58 1
56 59 1
56 60 1
57 58 1
57 59 1
57 60 1
58 59 1
58 60 1
58 82 1
59 60 1
61 62 1
61 63 1
61 64 1
61 65 1
61 66 1
61 67 1
61 68 1
61 69 1
61 70 1
61 71 1
61 72 1
61 73 1
61 74 1
61 75 1
61 76 1
61 77 1
61 78 1
61 79 1
61 80 1
62 63 1
62 64 1
62 65 1
62 66 1
62 67 1
62 68 1
62 69 1
62 70 1
62 71 1
62 72 1
62 73 1
62 74 1
62 75 1
62 76 1
62 77 1
62 78 1
62 79 1
62 80 1
63 64 1
63 65 1
63 66 1
63 67 1
63 68 1
63 69 1
63 70 1
63 71 1
63 72 1
63 73 1
63 74 1
63 75 1
63 76 1
63 77 1
63 78 1
63 79 1
63 80 1
64 65 1
64 66 1
64 67 1
64 68 1
64 69 1
64 70 1
64 71 1
64 72 1
64 73 1
64 74 1
64 75 1
64 76 1
64 77 1
64 78 1
64 79 1
64 80 1
65 66 1
65 67 1
65 68 1
65 69 1
65 70 1
65 71 1
65 72 1
65 73 1
65 74 1
65 75 1
65 76 1
65 77 1
65 78 1
65 79 1
65 80 1
66 67 1
66 68 1
66 69 1
66 70 1
66 71 1
66 72 1
66 73 1
66 74 1
66 75 1
66 76 1
66 77 1
66 78 1
66 79 1
66 80 1
67 68 1
67 69 1
67 70 1
67 71 1
67 72 1
67 73 1
67 74 1
67 75 1
67 76 1
67 77 1
67 78 1
67 79 1
67 80 1
68 69 1
68 70 1
68 71 1
68 72 1
68 73 1
68 74 1
68 75 1
68 76 1
68 77 1
68 78 1
68 79 1
68 80 1
69 70 1
69 71 1
69 72 1
69 73 1
69 74 1
69 75 1
69 76 1
69 77 1
69 78 1
69 79 1
69 80 1
70 71 1
70 72 1
70 73 1
70 74 1
70 75 1
70 76 1
70 77 1
70 78 1
70 79 1
70 80 1
71 72 1
71 73 1
71 74 1
71 75 1
71 76 1
71 77 1
71 78 1
71 79 1
71 80 1
72 73 1
72 74 1
72 75 1
72 76 1
72 77 1
72 78 1
72 79 1
72 80 1
73 74 1
73 75 1
73 76 1
73 77 1
73 78 1
73 79 1
73 80 1
73 82 1
74 75 1
74 76 1
74 77 1
74 78 1
74 79 1
74 80 1
75 76 1
75 77 1
75 78 1
75 79 1
75 80 1
76 77 1
76 78 1
76 79 1
76 80 1
77 78 1
77 79 1
77 80 1
78 79 1
78 80 1
79 80 1
79 83 1
81 82 1
81 83 1
